2019-4-24 23:36:7,-34.57,-58.46,0.60,423,3
2019-4-24 23:36:8,-34.57,-58.46,-0.80,418,2
2019-4-24 23:36:9,-34.57,-58.46,-0.60,416,2
2019-4-24 23:36:10,-34.57,-58.46,0.70,416,2
2019-4-24 23:36:12,-34.57,-58.46,0.30,400,0
2019-4-24 23:36:12,-34.57,-58.46,1.30,406,0
2019-4-24 23:36:12,-34.57,-58.46,1.30,406,0
2019-4-24 23:36:12,-34.57,-58.46,1.30,400,0
2019-4-24 23:36:12,-34.57,-58.46,1.30,400,0
2019-4-24 23:36:12,-34.57,-58.46,1.30,403,0
2019-4-24 23:36:17,-34.57,-58.46,0.30,400,0
2019-4-24 23:36:17,-34.57,-58.46,0.30,400,0
2019-4-24 23:36:17,-34.57,-58.46,0.30,403,0
2019-4-24 23:36:17,-34.57,-58.46,0.30,400,0
2019-4-24 23:36:17,-34.57,-58.46,0.30,400,0
2019-4-24 23:36:22,-34.57,-58.46,0.30,407,1
2019-4-24 23:36:22,-34.57,-58.46,0.30,402,0
2019-4-24 23:36:25,-34.57,-58.46,0.30,400,0
2019-4-24 23:36:26,-34.57,-58.46,0.30,400,0
2019-4-24 23:36:27,-34.57,-58.46,0.30,402,0
2019-4-24 23:36:28,-34.57,-58.46,0.30,402,0
2019-4-24 23:36:29,-34.57,-58.46,0.30,402,0
2019-4-24 23:36:30,-34.57,-58.46,0.30,400,0
2019-4-24 23:36:31,-34.57,-58.46,0.30,400,0
2019-4-24 23:36:32,-34.57,-58.46,0.30,400,0
2019-4-24 23:36:33,-34.57,-58.46,0.30,400,0
2019-4-24 23:36:34,-34.57,-58.46,0.30,400,0
2019-4-24 23:36:35,-34.57,-58.46,0.30,400,0
2019-4-24 23:36:36,-34.57,-58.46,0.30,400,0
2019-4-24 23:36:37,-34.57,-58.46,0.30,408,1
2019-4-24 23:36:38,-34.57,-58.46,0.30,415,2
2019-4-24 23:36:39,-34.57,-58.46,0.30,418,2
2019-4-24 23:36:40,-34.57,-58.46,0.30,415,2
2019-4-24 23:36:41,-34.57,-58.46,0.30,415,2
2019-4-24 23:36:42,-34.57,-58.46,0.30,413,1
2019-4-24 23:36:43,-34.57,-58.46,0.30,405,0
2019-4-24 23:36:44,-34.57,-58.46,0.30,400,0
2019-4-24 23:36:45,-34.57,-58.46,0.30,400,0
2019-4-24 23:36:46,-34.57,-58.46,0.30,400,0
2019-4-24 23:36:47,-34.57,-58.46,0.30,445,6
2019-4-24 23:36:48,-34.57,-58.46,0.30,445,6
2019-4-24 23:36:49,-34.57,-58.46,0.30,445,6
2019-4-24 23:36:50,-34.57,-58.46,0.30,438,5
2019-4-24 23:36:51,-34.57,-58.46,0.30,445,6
2019-4-24 23:36:52,-34.57,-58.46,0.30,420,3
2019-4-24 23:36:53,-34.57,-58.46,0.30,400,0
2019-4-24 23:36:54,-34.57,-58.46,0.30,400,0
2019-4-24 23:36:55,-34.57,-58.46,0.30,400,0
2019-4-24 23:36:56,-34.57,-58.46,0.30,400,0
2019-4-24 23:36:57,-34.57,-58.46,0.30,400,0
2019-4-24 23:36:58,-34.57,-58.46,0.30,400,0
2019-4-24 23:36:59,-34.57,-58.46,0.30,403,0
2019-4-24 23:37:0,-34.57,-58.46,0.30,400,0
2019-4-24 23:37:1,-34.57,-58.46,0.30,407,1
2019-4-24 23:37:2,-34.57,-58.46,0.30,400,0
2019-4-24 23:37:3,-34.57,-58.46,0.30,400,0
2019-4-24 23:37:4,-34.57,-58.46,0.30,406,0
2019-4-24 23:37:5,-34.57,-58.46,0.30,427,4
2019-4-24 23:37:6,-34.57,-58.46,0.30,441,6
2019-4-24 23:37:7,-34.57,-58.46,0.30,450,7
2019-4-24 23:37:8,-34.57,-58.46,0.30,454,8
2019-4-24 23:37:9,-34.57,-58.46,0.30,450,7
2019-4-24 23:37:10,-34.57,-58.46,0.30,445,6
2019-4-24 23:37:11,-34.57,-58.46,0.30,454,8
2019-4-24 23:37:12,-34.57,-58.46,0.30,462,9
2019-4-24 23:37:13,-34.57,-58.46,0.30,475,11
2019-4-24 23:37:14,-34.57,-58.46,0.30,477,11
2019-4-24 23:37:15,-34.57,-58.46,0.30,475,11
2019-4-24 23:37:16,-34.57,-58.46,0.30,475,11
2019-4-24 23:37:17,-34.57,-58.46,0.30,477,11
2019-4-24 23:37:18,-34.57,-58.46,0.30,497,14
2019-4-24 23:37:19,-34.57,-58.46,0.30,523,18
2019-4-24 23:37:20,-34.57,-58.46,0.30,537,20
2019-4-24 23:37:21,-34.57,-58.46,0.30,506,16
2019-4-24 23:37:22,-34.57,-58.46,0.30,529,19
2019-4-24 23:37:23,-34.57,-58.46,0.30,531,19
2019-4-24 23:37:24,-34.57,-58.46,0.30,537,20
2019-4-24 23:37:25,-34.57,-58.46,0.30,542,21
2019-4-24 23:37:26,-34.57,-58.46,0.30,542,21
2019-4-24 23:37:27,-34.57,-58.46,0.30,529,19
2019-4-24 23:37:28,-34.57,-58.46,0.30,529,19
2019-4-24 23:37:29,-34.57,-58.46,0.30,529,19
2019-4-24 23:37:30,-34.57,-58.46,0.30,523,18
2019-4-24 23:37:31,-34.57,-58.46,0.30,529,19
2019-4-24 23:37:32,-34.57,-58.46,0.30,523,18
2019-4-24 23:37:33,-34.57,-58.46,0.30,523,18
2019-4-24 23:37:34,-34.57,-58.46,0.30,529,19
2019-4-24 23:37:35,-34.57,-58.46,0.30,529,19
2019-4-24 23:37:36,-34.57,-58.46,0.30,523,18
2019-4-24 23:37:37,-34.57,-58.46,0.30,529,19
2019-4-24 23:37:38,-34.57,-58.46,-87.70,529,19
2019-4-24 23:37:39,-34.57,-58.46,-54.60,518,17
2019-4-24 23:37:40,-34.57,-58.46,-54.60,486,13
2019-4-24 23:37:41,-34.57,-58.46,-54.60,482,12
2019-4-24 23:37:42,-34.57,-58.46,-54.60,477,11
2019-4-24 23:37:43,-34.57,-58.46,-54.60,475,11
2019-4-24 23:37:44,-34.57,-58.46,-54.60,475,11
2019-4-24 23:37:45,-34.57,-58.46,-54.60,459,8
2019-4-24 23:37:46,-34.57,-58.46,-42.00,459,8
2019-4-24 23:37:47,-34.57,-58.46,-20.30,477,11
2019-4-24 23:37:48,-34.57,-58.46,-20.30,486,13
2019-4-24 23:37:49,-34.57,-58.46,-20.30,493,14
2019-4-24 23:37:50,-34.57,-58.46,-20.30,486,13
2019-4-24 23:37:51,-34.57,-58.46,-20.30,502,15
2019-4-24 23:37:52,-34.57,-58.46,-20.30,497,14
2019-4-24 23:37:53,-34.57,-58.46,-24.90,502,15
2019-4-24 23:37:54,-34.57,-58.46,-14.80,502,15
2019-4-24 23:37:55,-34.57,-58.46,-12.00,497,14
2019-4-24 23:37:56,-34.57,-58.46,-17.20,506,16
2019-4-24 23:37:57,-34.57,-58.45,-17.00,537,20
2019-4-24 23:37:58,-34.57,-58.45,-11.20,537,20
2019-4-24 23:37:59,-34.57,-58.45,-4.10,518,17
2019-4-24 23:38:0,-34.57,-58.45,-3.40,572,26
2019-4-24 23:38:1,-34.57,-58.45,-3.40,529,19
2019-4-24 23:38:2,-34.57,-58.45,-3.40,486,13
2019-4-24 23:38:3,-34.57,-58.45,-3.40,607,31
2019-4-24 23:38:4,-34.57,-58.45,-3.40,697,45
2019-4-24 23:38:5,-34.57,-58.45,-3.40,656,39
2019-4-24 23:38:6,-34.57,-58.45,-3.40,596,29
2019-4-24 23:38:7,-34.57,-58.45,-3.40,564,24
2019-4-24 23:38:8,-34.57,-58.45,-3.40,542,21
2019-4-24 23:38:9,-34.57,-58.45,-3.40,482,12
2019-4-24 23:38:10,-34.57,-58.45,-3.40,589,28
2019-4-24 23:38:11,-34.57,-58.45,-3.40,572,26
2019-4-24 23:38:12,-34.57,-58.45,-3.40,564,24
2019-4-24 23:38:13,-34.57,-58.45,-3.40,454,8
2019-4-24 23:38:14,-34.57,-58.45,-3.40,486,13
2019-4-24 23:38:15,-34.57,-58.45,-3.40,475,11
2019-4-24 23:38:16,-34.57,-58.45,-3.40,548,22
2019-4-24 23:38:17,-34.57,-58.45,-3.40,523,18
2019-4-24 23:38:18,-34.57,-58.45,-3.40,537,20
2019-4-24 23:38:19,-34.57,-58.45,-3.40,581,27
2019-4-24 23:38:20,-34.57,-58.45,-3.40,482,12
2019-4-24 23:38:21,-34.57,-58.45,-3.40,506,16
2019-4-24 23:38:22,-34.57,-58.45,-3.40,537,20
2019-4-24 23:38:23,-34.57,-58.45,-3.40,542,21
2019-4-24 23:38:24,-34.57,-58.45,-3.40,607,31
2019-4-24 23:38:25,-34.57,-58.45,-3.40,688,43
2019-4-24 23:38:26,-34.57,-58.45,-3.40,778,57
2019-4-24 23:38:27,-34.57,-58.45,-3.40,851,68
2019-4-24 23:38:28,-34.57,-58.45,-3.40,851,68
2019-4-24 23:38:29,-34.57,-58.45,-3.40,895,75
2019-4-24 23:38:30,-34.57,-58.45,-3.40,844,67
2019-4-24 23:38:31,-34.57,-58.45,-3.40,834,66
2019-4-24 23:38:32,-34.57,-58.45,-3.40,806,61
2019-4-24 23:38:33,-34.57,-58.45,-3.40,761,54
2019-4-24 23:38:34,-34.57,-58.45,-3.40,735,51
2019-4-24 23:38:35,-34.57,-58.45,-3.40,728,49
2019-4-24 23:38:36,-34.57,-58.45,-3.40,728,49
2019-4-24 23:38:37,-34.57,-58.45,11.40,728,49
2019-4-24 23:38:38,-34.57,-58.45,11.20,757,54
2019-4-24 23:38:39,-34.57,-58.45,11.20,787,58
2019-4-24 23:38:40,-34.57,-58.45,11.20,787,58
2019-4-24 23:38:41,-34.57,-58.45,11.20,787,58
2019-4-24 23:38:42,-34.57,-58.45,11.20,778,57
2019-4-24 23:38:43,-34.57,-58.45,11.20,596,29
2019-4-24 23:38:44,-34.57,-58.45,11.20,885,73
2019-4-24 23:38:45,-34.57,-58.45,11.20,834,66
2019-4-24 23:38:46,-34.57,-58.45,11.20,798,60
2019-4-24 23:38:47,-34.57,-58.45,11.20,813,62
2019-4-24 23:38:48,-34.57,-58.45,11.20,778,57
2019-4-24 23:38:49,-34.57,-58.45,11.20,885,73
2019-4-24 23:38:50,-34.57,-58.45,11.20,997,90
2019-4-24 23:38:51,-34.57,-58.45,11.20,1118,109
2019-4-24 23:38:52,-34.57,-58.45,11.20,1150,114
2019-4-24 23:38:53,-34.57,-58.45,11.20,1053,99
2019-4-24 23:38:54,-34.57,-58.45,11.20,954,84
2019-4-24 23:38:55,-34.57,-58.45,11.20,1140,112
2019-4-24 23:38:56,-34.57,-58.45,11.20,1093,105
2019-4-24 23:38:57,-34.57,-58.45,11.20,1053,99
2019-4-24 23:38:58,-34.57,-58.45,11.20,1065,101
2019-4-24 23:38:59,-34.57,-58.45,11.20,1065,101
2019-4-24 23:39:0,-34.57,-58.45,11.20,1053,99
2019-4-24 23:39:1,-34.57,-58.45,11.20,1053,99
2019-4-24 23:39:2,-34.57,-58.45,11.20,1065,101
2019-4-24 23:39:3,-34.57,-58.45,11.20,1065,101
2019-4-24 23:39:4,-34.57,-58.45,11.20,1077,103
2019-4-24 23:39:5,-34.57,-58.45,11.20,1105,107
2019-4-24 23:39:6,-34.57,-58.45,11.20,1093,105
2019-4-24 23:39:7,-34.57,-58.45,11.20,1131,111
2019-4-24 23:39:8,-34.57,-58.45,11.20,1131,111
2019-4-24 23:39:9,-34.57,-58.45,11.20,1140,112
2019-4-24 23:39:10,-34.57,-58.45,11.20,1140,112
2019-4-24 23:39:11,-34.57,-58.45,11.20,1140,112
2019-4-24 23:39:12,-34.57,-58.45,11.20,1150,114
2019-4-24 23:39:13,-34.57,-58.45,11.20,1178,118
2019-4-24 23:39:14,-34.57,-58.45,11.20,1242,128
2019-4-24 23:39:15,-34.57,-58.45,11.20,1262,131
2019-4-24 23:39:16,-34.57,-58.45,11.20,1262,131
2019-4-24 23:39:17,-34.57,-58.45,11.20,1041,97
2019-4-24 23:39:18,-34.57,-58.45,11.20,1212,123
2019-4-24 23:39:19,-34.57,-58.45,11.20,1669,193
2019-4-24 23:39:20,-34.57,-58.45,11.20,2240,280
2019-4-24 23:39:21,-34.57,-58.45,11.20,2214,276
2019-4-24 23:39:22,-34.57,-58.45,11.20,3734,507
2019-4-24 23:39:23,-34.57,-58.45,11.20,5162,725
2019-4-24 23:39:24,-34.57,-58.45,11.20,4608,641
2019-4-24 23:39:25,-34.57,-58.45,11.20,4214,581
2019-4-24 23:39:26,-34.57,-58.45,11.20,3791,516
2019-4-24 23:39:27,-34.57,-58.45,11.20,3865,527
2019-4-24 23:39:28,-34.57,-58.45,11.20,3734,507
2019-4-24 23:39:29,-34.57,-58.45,19.10,3287,439
2019-4-24 23:39:30,-34.57,-58.45,10.50,3128,415
2019-4-24 23:39:31,-34.57,-58.45,10.50,3185,424
2019-4-24 23:39:32,-34.56,-58.45,4.20,2847,372
2019-4-24 23:39:33,-34.56,-58.45,8.10,2937,386
2019-4-24 23:39:34,-34.56,-58.45,16.40,3040,402
2019-4-24 23:39:35,-34.56,-58.45,13.80,2937,386
2019-4-24 23:39:37,-34.56,-58.45,13.80,2990,394
2019-4-24 23:39:37,-34.56,-58.45,13.80,2937,386
2019-4-24 23:39:38,-34.56,-58.45,0.70,2551,327
2019-4-24 23:39:40,-34.56,-58.45,0.70,3287,439
2019-4-24 23:39:41,-34.56,-58.45,0.70,3791,516
2019-4-24 23:39:42,-34.56,-58.45,0.70,4000,548
2019-4-24 23:39:43,-34.56,-58.45,0.70,3681,499
2019-4-24 23:39:44,-34.56,-58.45,0.70,4675,651
2019-4-24 23:39:45,-34.56,-58.45,0.70,3865,527
2019-4-24 23:39:46,-34.56,-58.45,0.70,3865,527
2019-4-24 23:39:47,-34.56,-58.45,0.70,4505,625
2019-4-24 23:39:48,-34.56,-58.45,0.70,4290,592
2019-4-24 23:39:48,-34.56,-58.45,0.70,4505,625
2019-4-24 23:39:49,-34.56,-58.45,1.50,4761,664
2019-4-24 23:39:51,-34.56,-58.45,1.50,5162,725
2019-4-24 23:39:52,-34.56,-58.45,1.50,5016,703
2019-4-24 23:39:53,-34.56,-58.45,1.50,4675,651
2019-4-24 23:39:54,-34.56,-58.45,1.50,4505,625
2019-4-24 23:39:55,-34.56,-58.45,1.50,4435,614
2019-4-24 23:39:56,-34.56,-58.45,1.50,4214,581
2019-4-24 23:39:57,-34.56,-58.45,1.50,4214,581
2019-4-24 23:39:58,-34.56,-58.45,1.50,4146,570
2019-4-24 23:39:59,-34.56,-58.45,1.50,4056,556
2019-4-24 23:40:0,-34.56,-58.45,1.50,4000,548
2019-4-24 23:40:1,-34.56,-58.45,1.50,3923,536
2019-4-24 23:40:2,-34.56,-58.45,1.50,3865,527
2019-4-24 23:40:3,-34.56,-58.45,1.50,3791,516
2019-4-24 23:40:4,-34.56,-58.45,1.50,3791,516
2019-4-24 23:40:4,-34.56,-58.45,1.50,3923,536
2019-4-24 23:40:4,-34.56,-58.45,1.50,4000,548
2019-4-24 23:40:4,-34.56,-58.45,1.50,4348,601
2019-4-24 23:40:8,-34.56,-58.45,1.50,4435,614
2019-4-24 23:40:9,-34.56,-58.45,1.50,4761,664
2019-4-24 23:40:10,-34.56,-58.45,1.50,4608,641
2019-4-24 23:40:11,-34.56,-58.45,1.50,4761,664
2019-4-24 23:40:12,-34.56,-58.45,1.50,5056,709
2019-4-24 23:40:13,-34.56,-58.45,1.50,4926,689
2019-4-24 23:40:14,-34.56,-58.45,1.50,4761,664
2019-4-24 23:40:15,-34.56,-58.45,1.50,4840,676
2019-4-24 23:40:16,-34.56,-58.45,1.50,5162,725
2019-4-24 23:40:17,-34.56,-58.45,1.50,5550,784
2019-4-24 23:40:18,-34.56,-58.45,1.50,5872,833
2019-4-24 23:40:19,-34.56,-58.45,1.50,5957,846
2019-4-24 23:40:20,-34.56,-58.45,-4.80,5348,753
2019-4-24 23:40:21,-34.56,-58.45,-4.80,5424,765
2019-4-24 23:40:22,-34.56,-58.45,-4.80,5237,736
2019-4-24 23:40:23,-34.56,-58.45,-4.80,5237,736
2019-4-24 23:40:24,-34.56,-58.45,-4.80,5056,709
2019-4-24 23:40:25,-34.56,-58.45,-4.80,4926,689
2019-4-24 23:40:26,-34.56,-58.45,-4.80,4926,689
2019-4-24 23:40:27,-34.56,-58.45,-4.80,4761,664
2019-4-24 23:40:28,-34.56,-58.45,-4.80,4926,689
2019-4-24 23:40:29,-34.56,-58.45,-4.80,4926,689
2019-4-24 23:40:30,-34.56,-58.45,-4.80,5016,703
2019-4-24 23:40:31,-34.56,-58.45,-4.80,5056,709
2019-4-24 23:40:32,-34.56,-58.45,-4.80,5016,703
2019-4-24 23:40:33,-34.56,-58.45,-4.80,5162,725
2019-4-24 23:40:34,-34.56,-58.45,-4.80,5550,784
2019-4-24 23:40:35,-34.56,-58.45,-4.80,5237,736
2019-4-24 23:40:36,-34.56,-58.45,-4.80,5739,813
2019-4-24 23:40:37,-34.56,-58.45,-4.80,5957,846
2019-4-24 23:40:38,-34.56,-58.45,-4.80,5872,833
2019-4-24 23:40:39,-34.56,-58.45,-4.80,6081,865
2019-4-24 23:40:40,-34.56,-58.45,-4.80,5872,833
2019-4-24 23:40:41,-34.56,-58.45,-4.80,5872,833
2019-4-24 23:40:42,-34.56,-58.45,-4.80,5550,784
2019-4-24 23:40:43,-34.56,-58.45,-4.80,5162,725
2019-4-24 23:40:44,-34.56,-58.45,-4.80,5348,753
2019-4-24 23:40:45,-34.56,-58.45,-4.80,5348,753
2019-4-24 23:40:46,-34.56,-58.45,-4.80,5016,703
2019-4-24 23:40:47,-34.56,-58.45,-4.80,4675,651
2019-4-24 23:40:48,-34.56,-58.45,-4.80,4675,651
2019-4-24 23:40:49,-34.56,-58.45,-4.80,4608,641
2019-4-24 23:40:50,-34.56,-58.45,-4.80,4290,592
2019-4-24 23:40:51,-34.56,-58.45,-4.80,4348,601
2019-4-24 23:40:52,-34.56,-58.44,-2.60,4505,625
2019-4-24 23:40:53,-34.56,-58.44,-2.60,4435,614
2019-4-24 23:40:54,-34.56,-58.44,-2.60,4608,641
2019-4-24 23:40:55,-34.56,-58.44,-2.60,4608,641
2019-4-24 23:40:56,-34.56,-58.44,-2.60,4608,641
2019-4-24 23:40:57,-34.56,-58.44,-2.60,4505,625
2019-4-24 23:40:58,-34.56,-58.44,-2.60,4505,625
2019-4-24 23:40:59,-34.56,-58.44,2.50,4505,625
2019-4-24 23:41:0,-34.56,-58.44,3.80,4435,614
2019-4-24 23:41:1,-34.56,-58.44,5.30,4435,614
2019-4-24 23:41:2,-34.56,-58.44,6.60,4348,601
2019-4-24 23:41:3,-34.56,-58.44,8.10,4290,592
2019-4-24 23:41:4,-34.56,-58.44,9.70,4146,570
2019-4-24 23:41:5,-34.56,-58.44,11.20,4056,556
2019-4-24 23:41:6,-34.56,-58.44,12.60,3865,527
2019-4-24 23:41:7,-34.56,-58.44,13.80,3865,527
2019-4-24 23:41:8,-34.56,-58.44,15.30,3791,516
2019-4-24 23:41:9,-34.56,-58.44,16.60,3791,516
2019-4-24 23:41:10,-34.56,-58.44,17.50,3734,507
2019-4-24 23:41:11,-34.56,-58.44,18.40,3681,499
2019-4-24 23:41:12,-34.56,-58.44,19.40,3618,490
2019-4-24 23:41:13,-34.56,-58.44,19.20,3618,490
2019-4-24 23:41:14,-34.56,-58.44,19.40,3618,490
2019-4-24 23:41:15,-34.56,-58.44,19.50,3563,481
2019-4-24 23:41:16,-34.56,-58.44,19.60,3563,481
2019-4-24 23:41:17,-34.56,-58.44,19.60,3394,456
2019-4-24 23:41:18,-34.56,-58.44,19.60,3443,463
2019-4-24 23:41:19,-34.56,-58.44,19.60,3515,474
2019-4-24 23:41:20,-34.56,-58.44,19.60,3443,463
2019-4-24 23:41:21,-34.56,-58.44,19.60,3443,463
2019-4-24 23:41:22,-34.56,-58.44,19.60,3356,450
2019-4-24 23:41:23,-34.56,-58.44,19.60,3443,463
2019-4-24 23:41:24,-34.56,-58.44,19.60,3443,463
2019-4-24 23:41:25,-34.56,-58.44,19.60,3443,463
2019-4-24 23:41:26,-34.56,-58.44,19.60,3287,439
2019-4-24 23:41:27,-34.56,-58.44,19.60,3240,432
2019-4-24 23:41:28,-34.56,-58.44,19.60,3185,424
2019-4-24 23:41:29,-34.56,-58.44,19.60,3128,415
2019-4-24 23:41:30,-34.56,-58.44,19.60,3077,407
2019-4-24 23:41:31,-34.56,-58.44,19.60,2990,394
2019-4-24 23:41:32,-34.56,-58.44,19.60,2937,386
2019-4-24 23:41:33,-34.56,-58.44,19.60,2937,386
2019-4-24 23:41:34,-34.56,-58.44,17.90,2937,386
2019-4-24 23:41:35,-34.56,-58.44,20.60,2888,379
2019-4-24 23:41:36,-34.56,-58.44,21.20,2768,360
2019-4-24 23:41:37,-34.56,-58.44,21.20,2768,360
2019-4-24 23:41:38,-34.56,-58.44,21.20,2768,360
2019-4-24 23:41:39,-34.56,-58.44,21.20,2768,360
2019-4-24 23:41:40,-34.56,-58.44,21.20,2674,346
2019-4-24 23:41:41,-34.56,-58.44,21.20,2674,346
2019-4-24 23:41:42,-34.56,-58.44,20.60,2717,352
2019-4-24 23:41:43,-34.56,-58.44,22.10,2717,352
2019-4-24 23:41:44,-34.56,-58.44,23.00,2768,360
2019-4-24 23:41:45,-34.56,-58.44,24.10,2768,360
2019-4-24 23:41:46,-34.56,-58.44,24.20,2717,352
2019-4-24 23:41:47,-34.56,-58.44,24.20,2674,346
2019-4-24 23:41:48,-34.56,-58.44,24.10,2640,341
2019-4-24 23:41:49,-34.56,-58.44,23.80,2674,346
2019-4-24 23:41:50,-34.56,-58.44,24.00,2674,346
2019-4-24 23:41:51,-34.56,-58.44,24.30,2674,346
2019-4-24 23:41:52,-34.56,-58.44,25.00,2640,341
2019-4-24 23:41:53,-34.56,-58.44,25.70,2380,301
2019-4-24 23:41:54,-34.56,-58.44,26.00,2521,323
2019-4-24 23:41:55,-34.56,-58.44,25.90,2452,312
2019-4-24 23:41:56,-34.56,-58.44,25.80,2521,323
2019-4-24 23:41:57,-34.56,-58.44,25.80,2551,327
2019-4-24 23:41:58,-34.56,-58.44,25.70,2347,296
2019-4-24 23:41:59,-34.56,-58.44,25.60,2408,305
2019-4-24 23:42:0,-34.56,-58.44,25.60,2380,301
2019-4-24 23:42:1,-34.56,-58.44,25.30,2214,276
2019-4-24 23:42:2,-34.56,-58.44,25.30,2408,305
2019-4-24 23:42:3,-34.56,-58.44,25.40,2480,316
2019-4-24 23:42:4,-34.56,-58.44,25.30,2480,316
2019-4-24 23:42:5,-34.56,-58.44,25.20,2480,316
2019-4-24 23:42:6,-34.56,-58.44,25.20,2521,323
2019-4-24 23:42:7,-34.56,-58.44,25.00,2272,285
2019-4-24 23:42:8,-34.56,-58.44,25.00,2521,323
2019-4-24 23:42:9,-34.56,-58.44,24.70,2480,316
2019-4-24 23:42:10,-34.56,-58.44,24.60,2521,323
2019-4-24 23:42:11,-34.56,-58.44,24.50,2480,316
2019-4-24 23:42:12,-34.56,-58.44,24.20,2480,316
2019-4-24 23:42:13,-34.56,-58.44,24.10,2452,312
2019-4-24 23:42:14,-34.56,-58.44,24.10,2521,323
2019-4-24 23:42:15,-34.56,-58.44,24.00,2480,316
2019-4-24 23:42:16,-34.56,-58.44,24.00,2480,316
2019-4-24 23:42:17,-34.56,-58.44,24.00,2480,316
2019-4-24 23:42:18,-34.56,-58.44,24.00,2480,316
2019-4-24 23:42:19,-34.56,-58.44,23.90,2521,323
2019-4-24 23:42:20,-34.56,-58.44,23.90,2452,312
2019-4-24 23:42:21,-34.56,-58.44,23.70,2408,305
2019-4-24 23:42:22,-34.56,-58.44,23.70,2480,316
2019-4-24 23:42:23,-34.56,-58.44,23.60,2452,312
2019-4-24 23:42:24,-34.56,-58.44,23.50,2380,301
2019-4-24 23:42:25,-34.56,-58.44,23.50,2347,296
2019-4-24 23:42:26,-34.56,-58.44,23.40,2380,301
2019-4-24 23:42:27,-34.56,-58.44,23.30,2408,305
2019-4-24 23:42:28,-34.56,-58.44,23.30,2347,296
2019-4-24 23:42:29,-34.56,-58.44,23.30,2272,285
2019-4-24 23:42:30,-34.56,-58.44,23.20,2311,291
2019-4-24 23:42:31,-34.56,-58.44,23.20,2214,276
2019-4-24 23:42:32,-34.56,-58.44,23.30,2240,280
2019-4-24 23:42:33,-34.56,-58.44,23.30,2272,285
2019-4-24 23:42:34,-34.56,-58.44,23.40,2272,285
2019-4-24 23:42:35,-34.56,-58.44,23.40,2272,285
2019-4-24 23:42:36,-34.56,-58.44,23.40,2311,291
2019-4-24 23:42:37,-34.56,-58.44,23.30,2272,285
2019-4-24 23:42:38,-34.56,-58.44,23.30,2311,291
2019-4-24 23:42:39,-34.56,-58.44,23.30,2214,276
2019-4-24 23:42:40,-34.56,-58.44,23.20,2146,265
2019-4-24 23:42:41,-34.56,-58.44,23.20,2062,253
2019-4-24 23:42:42,-34.56,-58.44,23.20,2062,253
2019-4-24 23:42:43,-34.56,-58.44,23.20,2017,246
2019-4-24 23:42:44,-34.56,-58.44,23.20,2017,246
2019-4-24 23:42:45,-34.56,-58.44,23.10,1995,242
2019-4-24 23:42:46,-34.56,-58.44,23.10,1995,242
2019-4-24 23:42:47,-34.56,-58.44,23.00,1967,238
2019-4-24 23:42:48,-34.56,-58.44,23.00,1995,242
2019-4-24 23:42:49,-34.56,-58.44,23.00,1995,242
2019-4-24 23:42:50,-34.56,-58.44,22.90,2017,246
2019-4-24 23:42:51,-34.56,-58.44,22.90,2017,246
2019-4-24 23:42:52,-34.56,-58.44,22.80,2062,253
2019-4-24 23:42:53,-34.56,-58.44,22.90,2116,261
2019-4-24 23:42:53,-34.56,-58.44,22.90,2092,257
2019-4-24 23:42:53,-34.56,-58.44,22.90,2146,265
2019-4-24 23:42:53,-34.56,-58.44,22.90,2146,265
2019-4-24 23:42:58,-34.56,-58.44,22.90,2116,261
2019-4-24 23:42:59,-34.56,-58.44,22.90,2116,261
2019-4-24 23:43:0,-34.56,-58.44,22.90,2092,257
2019-4-24 23:43:1,-34.56,-58.44,22.90,2116,261
2019-4-24 23:43:2,-34.56,-58.44,22.90,2116,261
2019-4-24 23:43:3,-34.56,-58.44,22.90,2146,265
2019-4-24 23:43:4,-34.56,-58.44,22.90,2146,265
2019-4-24 23:43:5,-34.56,-58.44,22.90,2146,265
2019-4-24 23:43:6,-34.56,-58.44,22.90,2146,265
2019-4-24 23:43:7,-34.56,-58.44,22.90,2146,265
